7200,6449,6456,203,163
7250,6502,6506,203,163
7300,6555,6557,203,163
7350,6608,6608,203,163
7400,6661,6659,203,163
7450,6714,6710,203,163
7500,6767,6761,203,163
7550,6820,6812,203,163
7600,6873,6863,203,163
7650,6926,6914,203,163
7700,6979,6965,203,163
7750,7032,7016,203,163
7800,7085,7066,203,163
7850,7138,7118,203,163
7900,7191,7169,203,163
7950,7244,7220,203,163
8000,7297,7271,203,163
8050,7350,7322,203,163
8100,7402,7373,203,163
8150,7455,7424,203,163
8200,7508,7476,203,163
8250,7561,7527,203,163
8300,7614,7577,203,163
8350,7667,7628,203,163
8400,7720,7679,203,163
8450,7772,7730,203,163
8500,7825,7781,203,163
8550,7878,7833,203,163
8600,7931,7884,203,163
8650,7984,7935,203,163
8700,8037,7986,203,163
8750,8090,8037,203,163
8800,8143,8089,203,163
8850,8196,8140,203,163
8900,8249,8191,203,163
8950,8302,8242,203,163
9000,8355,8293,203,163
9050,8409,8344,203,163
9100,8462,8396,203,163
9150,8515,8447,203,163
9200,8569,8498,203,163
9250,8622,8549,203,163
9300,8675,8600,203,163
9350,8728,8652,203,163
9400,8782,8703,203,163
9450,8835,8754,203,163
9500,8888,8805,203,163
9550,8942,8856,203,163
9600,8996,8907,203,163
9650,9049,8959,203,163
9700,9103,9010,203,163
9750,9156,9061,203,163
9800,9210,9112,203,163
9850,9263,9163,203,163
9900,9317,9214,203,163
9950,9370,9265,203,163
OK
OK

